-302.75107286
-228.36929025
-182.36973294
-180.00234446
-176.05057330
-156.22425157
-155.85482953
-151.92872058
-149.30084720
-143.49120787
-142.25839089
-140.41693659
-135.29248986
-132.11078042
-131.10845989
-129.29562818
-128.87285062
-127.24653817
-126.13074684
-124.97043532
-374.51764011
-271.04529557
-197.28505670
-187.34052501
-187.09324815
-183.68931403
-163.30523164
-163.26761271
-158.46853270
-154.13058706
-150.43944699
-140.78695796
-140.75940061
-139.59657390
-139.44583999
-137.28731134
-136.89527195
-136.20463810
-135.97901238
-135.41336905
-347.77168832
-225.52778735
-195.05613403
-192.36042176
-183.29449566
-180.52054678
-180.43890257
-180.31304553
-180.25970603
-176.48113500
-173.15548229
-170.80761003
-168.64784103
-166.62340793
-166.57263357
-166.56145739
-166.55539499
-156.45589080
-154.96831252
-154.92644847
-324.24785199
-319.52952196
-228.80681268
-224.53537858
-191.04334394
-187.32365127
-186.92423537
-172.29930514
-166.83293481
-166.75978406
-159.05409634
-159.02650787
-155.52931076
-155.17994388
-151.94679005
-148.46808937
-148.30641854
-146.84388956
-145.55817428
-145.48848836
-221.97731264
-187.47288331
-173.33950935
-157.58482892
-155.94452481
-154.29050387
-148.96422200
-148.48493290
-146.65972427
-137.02218496
-131.92755903
-129.61362134
-128.78193559
-128.56819020
-128.07153316
-127.95356225
-127.52527045
-126.15059601
-124.98326544
-123.74065236
-383.06377687
-253.70608503
-217.04527884
-207.02918583
-206.77991611
-197.87168543
-196.73060318
-191.34307979
-189.60333784
-188.86262778
-185.42041785
-174.88366388
-172.69799244
-171.97260143
-168.91509106
-168.41374992
-163.06742234
-163.12101421
-161.48639817
-159.56382029
-425.23830490
-265.66888008
-212.23604969
-198.55429392
-187.76370274
-180.93896611
-180.93259765
-179.51405083
-176.60849777
-176.24688801
-168.53774419
-167.07558761
-166.97726141
-166.95003773
-159.30347430
-157.32449114
-156.58406760
-150.61711329
-150.04221516
-149.86081063
-166.18377223
-159.09697364
-156.20991234
-151.83103225
-144.84902420
-143.64029550
-140.67906709
-140.28882357
-135.92986238
-133.01954512
-132.94709956
-130.69892643
-128.28117557
-127.83981128
-127.88643723
-123.71628966
-123.42909422
-122.97287836
-118.78113166
-118.47554983
-198.01644512
-189.16990142
-183.67953721
-182.05420007
-172.37023642
-172.20779922
-172.09190260
-165.99873080
-159.66361875
-155.07495109
-149.93749738
-144.90652694
-143.31441893
-143.18213451
-136.55956421
-136.13545692
-132.66526998
-130.86286252
-129.52861457
-127.77452018
-257.24205946
-236.04098304
-222.54432637
-209.78534951
-202.87211225
-198.26175683
-183.36925912
-183.28625824
-180.28767855
-180.23470996
-179.94648836
-177.67546337
-176.31431669
-174.93512366
-173.77522310
-173.20108434
-173.17337248
-173.15390736
-172.43455707
-172.40909547
-331.27127561
-254.83495132
-222.54704871
-209.78685845
-202.79453537
-198.27949127
-183.38712430
-183.28604375
-180.30700670
-180.26262689
-179.94390989
-175.00124123
-173.82420075
-173.24684365
-173.21675739
-173.18718410
-172.44313252
-172.43862720
-172.41734974
-165.58251330
-291.22181396
-208.82414378
-205.17686325
-198.08046799
-194.27974593
-191.30588675
-187.44621735
-182.56315873
-179.77814630
-176.54199574
-176.52909336
-175.79264691
-170.12729172
-167.61350389
-164.30049117
-162.10307885
-160.10029619
-153.36642600
-152.20128068
-152.11816374
-485.33272083
-233.46150400
-195.48992495
-190.55345360
-182.12689278
-173.93953136
-173.83105325
-166.44516326
-166.37246122
-156.16236411
-153.40021306
-147.41973378
-145.52300282
-145.34880363
-142.28705708
-138.59840848
-137.77675707
-137.64646185
-137.00440999
-134.51768655
-352.28113941
-208.34869533
-172.99647215
-164.28754806
-164.00592430
-163.89923819
-156.27992117
-156.13009657
-153.05921896
-149.19899315
-143.62247757
-142.89106709
-140.02624717
-137.00759652
-133.79719746
-130.35469459
-129.42738328
-125.11543681
-123.48259965
-122.16309881
-230.46805024
-196.87315070
-172.43078604
-165.47013651
-150.80794203
-143.70810428
-134.62080933
-134.45808561
-126.27774008
-122.93290661
-122.88844653
-121.76600046
-120.10560378
-117.65719732
-116.76309347
-116.75787738
-116.17317110
-115.00440697
-114.28616264
-112.32391045
-345.34722941
-328.61526538
-261.81456120
-252.91644144
-234.46957226
-215.25457370
-215.01505076
-196.92266077
-193.87465719
-192.13450478
-189.32704608
-185.53968706
-177.11326070
-176.37547514
-175.01761024
-173.87730105
-172.65185305
-172.32443735
-170.65941741
-170.11175140
-324.00785182
-222.13838813
-219.67109126
-211.26576675
-203.35617045
-194.85744931
-190.00974491
-185.56419661
-185.49557063
-178.92586618
-157.94410096
-155.30937041
-151.99445383
-146.07096976
-142.36864439
-139.37555562
-139.37622617
-139.14734698
-138.76055956
-137.98876192
-330.85631381
-224.83254818
-167.81613687
-158.32410363
-143.30185735
-142.81356331
-137.04950684
-128.54697434
-127.67442603
-127.11296390
-125.16600486
-122.59103924
-121.21243455
-120.49695231
-120.50465606
-119.97860769
-117.59280106
-116.60068940
-114.85073977
-113.80260752
-279.52344129
-224.85855459
-167.82901423
-152.02156342
-146.12107197
-132.89508864
-128.07036193
-127.79955114
-127.66958455
-125.72083150
-122.56848909
-121.89027238
-121.21442123
-120.51128016
-117.03556917
-116.81226517
-116.59610089
-115.75849875
-115.74336593
-115.23022630
-289.35870651
-206.38689197
-176.81327438
-153.42835692
-143.06453977
-140.12118119
-139.70343178
-135.88619167
-132.37152551
-132.02417665
-131.55111005
-130.17373727
-127.42667087
-125.13405643
-125.03949787
-124.10015556
-124.05885744
-122.23323292
-121.62014611
-120.87511493
-356.66098068
-190.60636944
-176.08842460
-162.19074530
-157.53807810
-143.02118642
-142.90650747
-142.58672658
-141.99557562
-141.11716033
-137.09277096
-132.07058348
-130.27673391
-130.03027797
-129.33266059
-125.57208374
-124.31533975
-124.28176088
-122.48892407
-122.07582929
-432.45628044
-173.16252787
-172.40942505
-154.54956610
-146.89492150
-146.80794634
-139.96260111
-139.87689063
-134.06771190
-133.56738295
-133.52704197
-133.63504417
-132.01652079
-131.46532100
-130.87297861
-128.31087205
-127.80221104
-125.68280105
-125.45279534
-125.43015551
-272.93566318
-166.30966804
-162.67771387
-159.05182587
-158.82760358
-148.14286574
-147.60171810
-142.13091136
-141.27175223
-139.90336126
-139.12037987
-136.89938904
-136.69518414
-135.12711381
-134.10264322
-134.08701227
-132.40396656
-129.17880646
-127.86474862
-127.68210488
-386.21273599
-182.41846768
-175.66094113
-169.81638985
-163.50627326
-156.74918287
-154.77362741
-152.68232182
-145.31295493
-144.38091526
-143.77813120
-141.89681818
-139.03921644
-138.78779283
-136.19925807
-134.63134710
-128.92649029
-128.09159234
-127.17549242
-126.89928521
-274.86880786
-267.80233581
-195.09096319
-178.83725846
-178.06731676
-165.04312718
-161.27495660
-151.07618646
-149.40244836
-146.66685502
-145.27335960
-144.24680520
-141.26695945
-137.63954856
-136.62194958
-133.53820001
-132.57058987
-129.33084010
-129.30645279
-128.49499991
-583.21588481
-220.38583965
-204.36497957
-203.75128956
-201.29705677
-190.56739712
-188.77991281
-184.71847901
-183.40176883
-174.96749864
-174.87367509
-174.79464331
-172.80067989
-167.08949294
-160.05593361
-160.00997334
-160.01469118
-159.98464053
-159.96548051
-159.96283555
-302.20120800
-190.21007477
-188.11903024
-184.76401119
-177.43927223
-165.93060181
-164.17314792
-160.50106286
-155.48915301
-154.85765546
-153.93944783
-152.17763929
-144.77139886
-144.55826358
-143.64162497
-141.39323831
-141.19922168
-139.64407491
-139.49869239
-139.21954192
-265.08650384
-155.91117098
-148.58477633
-142.29532541
-141.92163608
-140.90731368
-135.31083887
-134.53261611
-132.19831466
-131.94165575
-131.90018343
-131.83449037
-130.97815005
-130.58385526
-129.24581474
-127.76457446
-127.73461320
-127.21939536
-126.23081833
-125.32657964
-509.77629942
-217.56077084
-207.27939050
-206.86909764
-205.71830649
-192.66467848
-182.84784442
-181.38859238
-181.27715154
-179.46554225
-174.89369992
-172.03105878
-171.97483322
-171.94727399
-167.71169692
-167.69109905
-167.67337263
-165.59458630
-164.99388695
-164.98131169
-275.26475992
-242.96817725
-223.80508595
-212.80511595
-202.45586443
-197.89205344
-195.99234936
-187.08394273
-184.08709163
-183.72527957
-182.57286668
-179.61382750
-177.36791831
-176.71674895
-176.69227148
-176.66439556
-168.63268081
-168.55947046
-168.23851092
-167.66056118
-380.05793318
-245.53409531
-184.64634567
-183.16301026
-174.16344532
-173.66778013
-169.89251454
-169.59637101
-161.21363291
-159.92395713
-156.14182827
-147.42507815
-145.54048061
-137.86012820
-131.54637164
-130.19212622
-127.81876806
-125.60061461
-121.62100430
-117.55471111
-375.03966312
-175.03623978
-148.43633999
-143.38603355
-141.80643022
-141.67440327
-141.44703927
-139.45757083
-138.86890809
-138.19458555
-132.47774863
-131.21143085
-130.93307416
-129.10379729
-129.01503293
-127.33684071
-127.03397043
-125.98048668
-125.87574087
-125.31239088
-372.49830303
-355.24243154
-179.60590130
-170.84327254
-159.18039423
-158.28510532
-154.87494622
-152.90921870
-139.20204797
-135.63607134
-134.66882371
-131.15978749
-128.13982455
-128.12260089
-126.46491862
-125.80150460
-123.66017427
-123.05089904
-123.01172063
-122.94497615
-201.14905624
-197.51112407
-182.77818530
-177.64753810
-160.52581595
-160.39297048
-156.21982460
-154.28102167
-153.61717089
-150.26293400
-150.16678725
-145.40294464
-140.35607829
-138.80144466
-138.78674041
-137.83959115
-137.76020384
-137.11491519
-136.80764221
-136.56524990
-557.65150338
-370.02839199
-213.61738461
-195.99524432
-188.15881852
-171.06857578
-170.85521451
-170.24106028
-166.27393317
-163.80678751
-160.36784090
-148.44415815
-147.87228689
-141.96186207
-136.95869128
-135.43568379
-129.42077990
-124.82669160
-123.62998188
-123.59703627
-234.18271975
-186.26409030
-165.87029323
-161.97256957
-161.43757761
-157.95689581
-156.86303205
-156.25243511
-150.84115428
-150.78213439
-149.98085726
-146.15072945
-145.35665015
-144.57870018
-143.93182180
-143.54248762
-142.86155216
-140.25068078
-138.72088442
-138.71307574
-461.25911749
-181.29296619
-137.54993551
-136.51229890
-135.37673341
-124.63565546
-124.31881722
-120.91883091
-120.48270171
-118.12807136
-117.75102137
-115.06835779
-112.57433032
-112.54800649
-112.54224642
-111.39279778
-111.19784503
-111.28840638
-110.05038324
-109.85722398
-207.97739287
-176.87446612
-168.25055845
-146.81494103
-146.34739987
-134.20293357
-131.04228870
-130.34814723
-127.95386554
-126.94236665
-126.19496669
-125.26838495
-125.23747072
-121.34870550
-121.09667647
-120.24478355
-117.59868895
-114.92846161
-114.75034638
-113.51399611
-308.08160837
-231.07450635
-199.62476970
-187.23674365
-183.34662626
-168.51946075
-162.08180337
-161.53017993
-160.84282790
-160.78258580
-160.73900251
-155.39448398
-150.38376508
-150.30777281
-142.70593189
-142.65171687
-141.10747441
-138.40404578
-138.29209829
-135.67749063
-308.07771388
-211.16005995
-186.59077891
-172.61234344
-172.36964097
-161.61298235
-161.24662806
-157.16096590
-152.00070921
-150.60454769
-150.38005712
-149.38098310
-146.38116408
-146.35122291
-145.66896504
-143.40067077
-142.39461057
-139.45110052
-138.27817709
-133.28743845
-425.13278912
-220.37229513
-176.71837981
-175.01827628
-167.12150045
-163.50962314
-151.92716394
-141.76444815
-141.63858369
-135.62463008
-129.78196973
-129.74367813
-129.57486246
-128.45749232
-127.74915223
-126.95007858
-125.60238558
-125.37217989
-125.16777177
-123.94329280
-218.69812486
-208.27366436
-193.57280396
-182.90927109
-178.87733059
-178.68897774
-178.14138356
-173.11945578
-171.62306583
-167.08788464
-159.99599549
-154.75935345
-154.33344975
-143.61222249
-137.17032650
-134.25577360
-133.25730412
-133.24102734
-127.42863742
-127.46289383
-476.38712201
-219.44000605
-182.26318777
-181.83816671
-180.55548367
-175.30594489
-168.69478838
-161.19080770
-160.65122923
-158.78373738
-153.25257514
-145.90386356
-145.87071360
-144.97573888
-141.56304620
-141.08299114
-140.16066458
-140.07777080
-139.47030380
-139.36021489
-186.58534180
-173.82141971
-173.01701291
-169.90213757
-166.23137099
-160.07002994
-157.20157160
-153.12058464
-150.87141627
-148.97576425
-144.96828907
-144.57989257
-144.36961244
-142.41789320
-142.39477753
-140.71627051
-136.53434240
-135.94302840
-134.87659236
-134.41848854
-220.85874806
-210.13411578
-197.29350665
-165.83810622
-161.10086041
-155.51522903
-152.47734504
-143.02369287
-139.48980830
-133.10532650
-131.69024300
-126.57388885
-126.55362281
-125.61434136
-124.55031802
-121.64201029
-119.08819626
-119.07242763
-116.99056662
-112.89039137
-265.02184990
-201.32525132
-192.34451581
-187.39146567
-167.39506767
-165.76184666
-159.20031133
-157.02869032
-151.96200783
-144.51712620
-135.31595263
-133.82419288
-130.36099845
-127.65549477
-124.98852702
-124.78712104
-123.94224507
-123.56060571
-123.54635675
-122.09622341
-247.31650159
-215.15287057
-189.99492083
-175.12595164
-163.61952479
-152.59083896
-150.94877592
-146.15132163
-146.10360460
-145.84419778
-142.89679082
-141.18099546
-139.81126441
-139.28914296
-138.86878609
-138.79277716
-138.81020113
-137.76157274
-137.70637651
-137.02529919
-240.41114205
-176.28258099
-173.17998199
-172.69927936
-166.85654405
-159.31232963
-157.80458929
-157.58185765
-155.65956714
-152.27173231
-151.32481069
-143.24106655
-142.36179739
-139.29145572
-137.03251391
-136.55196117
-136.31550332
-133.59036596
-129.80774428
-128.45220111
-220.85677251
-175.98372884
-168.86299264
-162.97064144
-158.03764390
-154.58152665
-150.72028120
-147.45973987
-145.52290367
-141.71454584
-137.16687033
-136.66574431
-134.58314170
-131.25668984
-130.87989380
-130.58275099
-129.18731383
-128.88096971
-128.86619350
-127.66860905
-266.23498496
-135.50784459
-128.43869649
-127.43979190
-126.49780135
-126.29114098
-125.92556150
-125.86573701
-125.77087530
-122.64182699
-122.33790917
-120.56021607
-120.53763117
-118.34620091
-116.84869524
-116.38348940
-115.77457922
-115.75766173
-111.41678390
-111.40033700
-417.99935956
-203.86384364
-179.60778688
-172.54345046
-170.95930517
-166.97283550
-161.45151776
-157.82958988
-148.00611270
-147.70425392
-147.66060419
-147.62449249
-145.94787988
-145.54175439
-142.46580320
-142.44858384
-136.55509833
-136.46440733
-135.88024967
-132.85459533
-287.46875374
-154.32632579
-153.22483612
-152.30974419
-146.44866385
-144.61752855
-137.01002905
-135.05871704
-133.15863306
-130.65119674
-128.68551506
-124.90469549
-124.67757019
-122.95598119
-122.66291572
-121.63837628
-120.85893189
-119.82216095
-119.78715823
-118.60365836
-284.82598356
-198.83098608
-161.59703471
-145.07111249
-139.73769942
-136.73100507
-136.12058420
-135.16881486
-127.98911014
-127.19531612
-127.15656920
-127.11598027
-122.49987690
-122.14200220
-121.41633652
-120.68709708
-120.22971963
-117.87077533
-114.49963786
-112.86131601
-391.40737172
-366.57243701
-286.75392160
-213.71702678
-192.96874373
-177.03717433
-168.70290822
-168.46621917
-159.15514863
-152.57266185
-144.54808942
-142.66103771
-139.34237034
-139.02240887
-137.33526056
-134.77209696
-133.50392223
-132.75406680
-131.76329846
-131.81034726
-271.18454685
-182.91317503
-181.36288942
-177.97702179
-169.95451199
-168.14903373
-165.69165524
-160.60065071
-153.61060584
-152.21687853
-152.11536741
-150.50920976
-146.72074585
-143.90762325
-140.99822271
-140.80541239
-139.94540832
-139.12630848
-138.77431681
-136.51382402
-391.17065717
-148.77695175
-147.36676264
-137.81849861
-136.55474863
-132.59845344
-131.91592772
-125.30632225
-124.67073365
-123.82851658
-121.04430904
-118.80955699
-117.74148733
-117.65638760
-116.27766300
-116.02515956
-113.82140931
-113.80608409
-113.43711190
-112.92534305
-255.81881621
-205.48907914
-188.80565996
-185.58205411
-177.19680956
-166.84436333
-162.47693955
-159.24178677
-149.34256031
-147.99784757
-138.46128478
-134.30003568
-133.93135281
-132.97877697
-128.53091550
-126.35039538
-126.37384225
-125.66955998
-125.44567528
-121.65283656
-214.08831458
-181.82865023
-177.83422360
-163.01892839
-148.48566843
-141.98207819
-136.39655927
-128.80579622
-125.66373193
-125.52204631
-122.63211923
-121.79322741
-121.91148999
-121.70048672
-119.58201044
-119.54011051
-119.51715978
-113.45961609
-113.49320874
-111.11801314
-300.99855960
-197.82156850
-184.34587032
-173.16562002
-172.68009853
-166.73059455
-160.05224773
-153.95044961
-153.62006425
-146.20596851
-140.56563627
-138.20003292
-137.78221777
-136.39427382
-136.37136660
-134.40628334
-134.37555845
-134.24506944
-132.25643602
-130.97330664
-234.42985286
-214.63618464
-192.85112398
-174.95678215
-174.57384165
-173.81589484
-172.97940874
-172.57008406
-167.60722679
-163.78296288
-162.36612874
-157.51891500
-154.83299987
-152.23572934
-146.04844788
-145.87505614
-137.46424461
-134.35975407
-131.02532752
-129.69394241
-328.14502775
-270.06098687
-239.27923658
-207.49287742
-204.92961166
-182.88485524
-176.05992825
-173.42619301
-168.40775095
-164.96867400
-153.81235028
-152.29455725
-151.11649373
-148.22311748
-143.77337103
-143.76243744
-142.91295734
-141.75667893
-140.13210952
-139.50829983
-168.24640790
-165.39888896
-158.30536444
-155.61944728
-152.72720128
-152.47255470
-151.05306937
-146.40568388
-135.87858778
-129.29444802
-129.18330162
-127.97593830
-127.47215521
-127.48974813
-126.48329956
-124.00336317
-123.70007557
-123.56117964
-122.45053390
-121.17009335
-220.02460329
-169.95695347
-165.77041316
-163.54475120
-162.83874021
-154.10592304
-153.99129656
-147.27093179
-144.94973061
-144.89657806
-144.85308192
-144.81685745
-144.78593193
-140.47714735
-140.26866029
-140.20161720
-136.69194178
-135.89696770
-132.80932706
-132.20372535
-657.33608331
-302.13063923
-255.98008904
-202.14381816
-200.31151123
-170.32953868
-166.83543286
-164.45493334
-156.14971971
-155.61030266
-154.50727579
-148.58297714
-144.30959994
-132.62151682
-131.79857462
-130.89002026
-130.46917571
-130.45246645
-130.50065004
-130.27686580
-570.83238007
-201.76236740
-183.11310290
-181.99365609
-174.84724455
-174.29243958
-171.15109603
-166.74463173
-158.74255025
-151.35749959
-148.61330856
-146.98127661
-139.07387963
-133.65036526
-132.18040468
-130.48540418
-130.46792181
-130.51444591
-128.46511926
-127.55928152
-259.53263151
-257.39420886
-237.19204407
-214.89212762
-199.18426482
-185.58653174
-168.23332417
-165.73605730
-159.61403218
-153.63247060
-149.92379222
-147.73684610
-143.95901436
-143.57633421
-143.54783598
-143.34352347
-142.70767920
-140.10579273
-139.23111229
-139.24867068
-379.25352633
-178.02104555
-171.45400827
-169.05481197
-168.21129909
-167.77355499
-166.30768292
-149.44909655
-148.72719043
-145.63047744
-143.56448102
-141.73594204
-141.65065173
-141.64838962
-140.43550734
-140.37433726
-138.69186538
-138.39824761
-137.07750312
-136.49281843
-176.38977160
-170.25089157
-168.94100610
-165.83487515
-148.33638407
-142.10238637
-141.99016111
-140.72467588
-135.98270861
-135.55026678
-133.86501833
-132.71687899
-129.56163029
-129.15078685
-127.37387201
-126.47134402
-126.32229330
-125.23641398
-124.47791435
-124.18997117
-221.87926555
-203.57818577
-168.22019920
-167.62091323
-159.10369242
-158.91802434
-157.32647646
-156.81667625
-156.08119575
-155.17334076
-153.86586820
-147.53715480
-145.10015867
-144.41565720
-144.32704514
-142.25950913
-142.24245084
-140.01049776
-139.72670352
-139.17149556
-488.32476284
-243.04962196
-218.60106461
-200.67877525
-193.69540607
-178.78218107
-172.67709532
-170.63204065
-170.58426448
-169.71190622
-167.21240405
-161.14343734
-159.56110328
-158.07373477
-147.20292164
-146.40566445
-146.38659949
-145.86372531
-145.43507225
-143.60481342
-179.73949612
-169.35900695
-159.46895365
-153.53407028
-146.84147774
-146.73576575
-145.65926447
-144.34025143
-143.31212655
-138.83456427
-137.78727105
-136.72852822
-136.45356711
-134.03438923
-130.33676038
-127.84988450
-127.75837146
-126.61571963
-126.39770530
-124.66415201
-304.28939595
-196.02369805
-195.20548105
-193.59556907
-190.89858203
-183.49389983
-180.15281251
-174.35364239
-173.44131409
-173.45998393
-173.39942540
-173.29404438
-173.27192752
-173.23163244
-164.43896190
-164.40747039
-164.39624516
-164.38891760
-164.36949619
-164.34991759
-206.25684605
-166.45009297
-164.81666943
-158.53833901
-144.45745356
-136.70475640
-134.65279483
-131.74437821
-129.29465111
-129.19210936
-127.91233979
-126.66842726
-125.25904845
-122.96606815
-120.95530138
-118.28802120
-117.89668908
-114.79738649
-114.78047328
-113.74675671
-386.62339591
-198.15668456
-178.72825590
-166.83904111
-158.73597266
-155.10466610
-153.92608759
-151.97946784
-151.88298402
-147.90992585
-147.71365772
-146.96809540
-146.63039439
-145.02215612
-144.62664229
-144.62551443
-143.43805181
-141.26758342
-141.07131748
-140.03847855
-169.68671672
-167.01408032
-152.44394116
-127.13359407
-119.33756111
-119.24412213
-116.69267466
-113.80970980
-113.71167530
-111.54716454
-111.51181221
-111.48184829
-109.43846076
-106.77541550
-106.73949936
-106.22473433
-105.96148127
-105.06305531
-103.79159296
-102.78174546
-215.37938749
-173.41310352
-169.49329622
-166.09535479
-165.57654924
-163.26218349
-154.29605405
-151.44533810
-150.29638670
-146.72484536
-145.46486077
-143.57348474
-139.22634124
-139.10845179
-138.68339506
-138.43328310
-137.20292602
-137.01267643
-136.41839101
-136.03172030
-255.60400398
-170.46479224
-162.31526616
-151.56390123
-150.17843524
-145.29365624
-144.78958952
-143.51457072
-142.84643578
-138.46608021
-136.72509929
-136.51485900
-135.39339739
-133.20555260
-132.94276741
-131.48415327
-131.09244102
-130.61049276
-130.19096019
-128.19486881
-273.74075749
-206.76464764
-191.81844944
-170.33989055
-168.74028853
-165.78163071
-164.60794478
-158.56737263
-156.66937419
-155.67368091
-154.04825862
-149.98228164
-147.59598890
-142.62738892
-135.70465277
-132.94096456
-127.32247663
-126.34967656
-125.06468466
-124.35092408
-233.50433233
-188.21716059
-176.32989669
-166.24250691
-159.79134795
-156.86265834
-155.87051344
-143.93764776
-142.83854983
-141.38992671
-140.23055679
-140.15989311
-138.21326249
-137.00654394
-136.79341657
-135.69032497
-135.17613756
-135.27663545
-134.56221258
-134.56343994
-277.83233708
-245.67019157
-239.42012003
-218.09472274
-208.68047901
-200.09602666
-172.21048779
-169.88365660
-162.27353739
-161.57955977
-152.14790069
-146.85177979
-146.39219165
-145.98577170
-144.22151043
-143.05453316
-135.83607454
-132.49851014
-130.47260624
-129.60677751
-264.43205927
-193.14301160
-184.13397260
-176.58187894
-176.29528101
-175.23965485
-174.98211268
-174.42360294
-174.19724000
-171.21328969
-168.79942681
-167.75037849
-157.70908908
-149.34684957
-149.02235836
-143.79995668
-140.12940105
-139.87668240
-138.60745352
-138.52466899
-296.64192090
-210.14095061
-202.03866169
-174.69619208
-162.14955781
-156.21575992
-151.81660411
-151.51226700
-149.32994062
-140.32589485
-136.76121081
-135.11755175
-134.70600905
-126.83473517
-126.32040973
-125.65653112
-120.85207799
-119.59753882
-119.37271531
-118.46808167
-370.36272861
-259.09540580
-190.19777249
-188.76241152
-173.45048298
-147.09234212
-146.37203376
-144.86330070
-139.65384729
-134.39674787
-133.09299532
-132.77134056
-130.88047732
-129.53814853
-129.09184735
-128.15999363
-125.45925793
-124.36023594
-123.84726917
-122.78071422
-541.58628152
-201.78673782
-154.45112888
-151.49422827
-147.23449269
-146.51961254
-144.94841268
-134.51245260
-133.19056143
-132.85068059
-130.94743542
-130.26505475
-129.99743606
-129.53810610
-123.97185128
-123.89733606
-122.50857692
-122.14953796
-120.64078238
-120.17552597
-266.73268247
-214.23622105
-180.95361160
-171.86264331
-166.61172957
-163.81646335
-155.73369224
-151.64779870
-149.02677210
-148.45207513
-147.53635141
-146.47173841
-144.56476618
-138.99069250
-137.41280189
-136.76520129
-131.74855013
-131.62615262
-128.68984662
-128.31155590
-358.39534260
-258.32922702
-249.87099394
-221.78698123
-211.77348350
-192.27849466
-136.61455965
-135.05171566
-132.72067562
-130.66071803
-129.76318215
-126.13756628
-124.92068423
-121.90134739
-121.13434273
-120.23551415
-118.02401121
-117.57884444
-117.15554581
-116.76747316
-234.79225436
-211.93728409
-142.38468637
-141.02272623
-138.15077299
-137.99467202
-137.86361467
-135.89956324
-135.49105017
-134.16763365
-132.64782952
-132.64346997
-131.98214371
-131.80120592
-131.77835425
-131.42906897
-127.91116464
-127.17318962
-124.05652203
-123.67743163
-377.22975281
-204.44747455
-196.01118962
-194.87108917
-194.59207051
-190.01868036
-184.10589981
-183.28037326
-183.21150341
-180.23466758
-180.18902402
-173.30272901
-173.26041299
-173.24151626
-173.20667761
-172.45573963
-172.45035391
-172.43025684
-167.54448832
-165.90504096
-473.16177922
-294.53688112
-241.81361469
-236.42254823
-236.18968378
-229.21358423
-211.23510798
-197.45925416
-170.63662686
-164.24284480
-163.24484182
-163.11581130
-158.11479050
-156.21877550
-156.14575957
-147.75707935
-145.39968313
-145.07304814
-140.79515151
-140.54305663
-200.92385005
-175.94387910
-167.64511334
-163.20984581
-154.60874560
-153.53203040
-151.52667306
-151.43250651
-149.42494988
-143.67186312
-143.29811796
-142.91671098
-141.86228065
-140.80062838
-139.37312844
-137.85640143
-136.85119927
-136.41145089
-136.39583159
-136.38139940
-291.14109429
-231.38123429
-223.17720434
-207.25428118
-203.00991682
-198.52410407
-195.09494088
-194.23288871
-194.14555053
-183.90033551
-183.11469415
-183.07599172
-180.12159058
-180.09356133
-176.80556058
-173.20173990
-173.17292552
-173.16454003
-173.17941931
-173.14989219
-291.14182476
-234.09648585
-203.65088967
-194.84563627
-194.57858408
-184.22019574
-183.36873354
-183.28001529
-180.29538726
-180.23854022
-173.33930513
-173.29090793
-173.26813900
-173.22954393
-172.47874611
-172.47100155
-172.44839139
-165.44238579
-165.44380301
-165.45339650
-203.54210280
-181.03307559
-165.81367138
-160.80754707
-153.21473184
-151.02142229
-141.81397320
-140.84272114
-140.50791657
-140.06483183
-136.77760007
-135.62389459
-134.30335031
-133.80444895
-133.54585552
-131.56725594
-131.31650849
-131.35329572
-131.01903244
-130.79242527
-214.32836115
-178.32840098
-170.00977231
-165.96986532
-162.06864977
-152.30314268
-123.29710872
-122.61910035
-120.46891110
-119.93055781
-118.67864627
-116.97492395
-115.46849866
-114.99476506
-114.57018908
-113.95384366
-113.80161512
-113.62171860
-112.70930470
-112.49202177
-234.50843047
-174.66032060
-172.71535592
-162.20607171
-157.34454839
-156.89267366
-144.78420168
-144.50135584
-143.70579155
-140.17266150
-137.39726856
-136.34766423
-130.94216680
-127.01304755
-125.65056717
-122.76672240
-120.72158941
-120.37158143
-118.63864740
-118.59272701
-390.29985605
-226.85286251
-204.90010305
-176.18577335
-174.08067368
-166.96098865
-165.54923838
-162.78100127
-160.36271247
-158.48499586
-158.09280624
-156.78741579
-156.66260341
-155.60240811
-154.85630106
-148.41803965
-148.35267170
-147.79204724
-145.41484528
-143.33721530
-247.38374403
-195.79953652
-181.84727724
-171.83340082
-164.66043665
-164.24531123
-161.72775795
-161.48084922
-161.10315957
-160.77197806
-158.93032583
-158.47256509
-152.28173583
-150.82652213
-148.69426593
-144.37179180
-143.30323737
-143.01391879
-142.78782912
-142.06598318
-246.09068905
-184.99180248
-160.07933627
-159.27315940
-152.86135387
-151.30998462
-151.16343865
-150.18207611
-145.06991172
-142.37571159
-141.26557493
-139.09001592
-139.01635050
-137.73100481
-136.06578710
-135.06686457
-133.82104311
-132.69767308
-132.25419885
-132.02192424
-225.14748236
-196.04953032
-185.66742995
-151.02228263
-149.91176939
-149.64445644
-145.37294289
-142.53731460
-142.27711734
-141.74594788
-137.53596816
-135.87794217
-135.85029389
-134.98277785
-129.74103622
-129.15829464
-129.09696023
-127.62011411
-127.47621350
-127.43695835
-244.99716223
-217.58781494
-192.10922635
-176.24680807
-173.29741090
-165.48581129
-148.22753072
-148.15220379
-146.25445266
-146.21313706
-142.01370532
-141.01106618
-140.61528220
-138.22678685
-137.55351247
-136.09220670
-132.37652416
-131.46613465
-131.21277144
-131.20574831
-289.26124979
-150.89477313
-147.38524962
-145.99134911
-145.78894895
-139.70504951
-139.47623455
-139.41048096
-139.36903121
-138.88523257
-132.77964412
-132.54336066
-130.00099679
-129.15950139
-128.05992492
-126.75178732
-124.27731459
-124.15628686
-122.58922650
-122.56928362
-286.75973902
-199.20846900
-191.96161981
-182.66730568
-174.20127663
-161.82238100
-160.77226266
-159.23413504
-158.90266655
-156.40106633
-155.71509559
-151.10024708
-150.92111886
-150.86859777
-150.49250396
-150.32093548
-146.98341214
-145.68159041
-143.60446530
-139.45582853
-737.16046345
-302.19126184
-218.21363742
-192.76505682
-182.84865524
-180.40961903
-160.94570453
-157.00222673
-151.54863152
-149.09735351
-149.04334858
-139.34676464
-137.60059294
-129.29565206
-127.03947151
-125.38675688
-123.77701289
-123.77698698
-121.58808133
-118.74328601
-385.06687239
-214.65947936
-166.50827983
-147.72960526
-140.90460040
-140.72418214
-140.60938863
-125.53704438
-125.12375975
-124.44570985
-124.43551371
-123.84606229
-123.35002937
-122.72476955
-119.36406790
-118.51581913
-116.75962457
-115.56755670
-112.92929149
-112.42447579
-287.37359177
-233.02634135
-190.66085941
-175.94278718
-167.27911274
-167.10299234
-166.96417777
-166.19001917
-165.03409967
-160.02693607
-159.05380001
-159.02448761
-155.20545283
-154.92804463
-154.31985279
-151.91968055
-151.26581015
-149.77892204
-147.38764232
-145.56586077
-180.47051678
-167.40414544
-148.42184303
-141.53056837
-139.47862767
-134.70623798
-133.55921189
-133.21182267
-132.01825619
-131.91742519
-127.28186172
-126.90313460
-125.50000098
-125.47357731
-125.45247562
-124.59534211
-123.16765730
-122.32606966
-121.64704865
-121.26071361
-391.12673103
-243.67730809
-182.39351768
-181.78479096
-171.98316020
-168.81128657
-164.19388494
-161.73797803
-153.11273240
-150.75570190
-148.33609517
-148.20831642
-146.45637267
-144.84485659
-141.30397547
-141.06288728
-139.74460012
-136.43474340
-135.92608212
-135.29810171
-270.11199096
-205.65018653
-171.99012879
-165.09708070
-156.01898323
-154.88361681
-154.76658458
-154.43950855
-154.14175581
-154.00408773
-151.07104157
-147.86011718
-147.34428738
-145.73805160
-140.82520909
-140.54833756
-138.75270735
-136.26802252
-135.83767794
-133.93268640
-224.23327012
-203.71357294
-183.58444676
-151.83660309
-149.91694629
-143.73672781
-141.26053294
-141.12205184
-141.10383837
-136.74922158
-136.03575723
-131.44577988
-130.78080268
-129.71621010
-129.30048705
-128.53086651
-125.80694670
-125.36430777
-124.50943442
-122.82301645
-279.84800387
-180.94870601
-162.21156231
-157.15088578
-151.53880356
-145.59019333
-139.31008568
-137.88292866
-127.47751090
-125.56067749
-122.91652980
-122.16553028
-120.41417076
-120.00259926
-119.37758091
-117.46519332
-113.81101771
-113.83684019
-113.20496201
-112.99628833
-250.79951573
-192.87113072
-172.85256062
-169.99105258
-158.84133430
-149.98259399
-143.91657077
-143.64672257
-141.28701946
-139.91074203
-139.23497744
-138.84927259
-138.83759574
-138.18652689
-136.66092116
-135.83105787
-135.51717675
-135.27601094
-134.83661910
-134.24370413
-191.54410473
-146.08175706
-141.93893494
-138.14586064
-135.57287461
-134.13275011
-132.67792523
-129.80791097
-129.67203151
-126.96341026
-125.32717896
-124.87534182
-124.15556998
-124.03752962
-122.10223225
-122.08064822
-120.89079373
-119.01438498
-117.58275684
-114.35964982
-358.62557139
-212.68021060
-198.58223017
-176.48588983
-151.29166735
-150.31539512
-148.02164157
-145.36776192
-139.54090751
-139.31197569
-137.83238067
-136.66830436
-136.63678638
-131.19585568
-130.86449717
-130.46389878
-128.94110044
-127.65395909
-125.92393589
-125.83789497
-433.14876385
-206.15906066
-187.46040149
-178.22950017
-176.89937450
-175.28306302
-169.97474020
-159.06229639
-149.52759443
-148.44369108
-148.40990575
-144.34806697
-143.71268738
-142.96661125
-142.28976582
-142.28135768
-141.52446155
-139.95745373
-138.70288221
-137.55790853
-466.63622383
-239.49958344
-232.42096475
-213.94203049
-185.18576020
-177.83081712
-173.80382723
-169.85887915
-164.83175558
-164.12162606
-163.35595897
-162.55804692
-160.86824434
-158.78867962
-156.65369680
-156.57374105
-149.25766585
-148.23078483
-148.22648029
-148.16852024
-160.21741633
-152.28400897
-144.92133485
-134.53244001
-134.29237164
-130.85809248
-128.67845241
-125.35331074
-123.56003710
-122.11841045
-121.32354490
-118.54501485
-117.60623437
-116.39936410
-114.06794492
-113.22608685
-113.08839963
-112.37851205
-112.40016768
-111.28747942
-224.02654355
-198.79672246
-187.87901442
-180.67691281
-160.93294125
-155.73114534
-155.28624769
-143.60414540
-140.84519644
-132.96642728
-129.75169506
-126.60698204
-125.66518935
-125.42534305
-124.39893632
-124.23769141
-122.47853898
-122.34493740
-120.23141527
-120.12302860
-298.15937404
-224.88078477
-216.49753936
-176.30447992
-152.66024763
-145.17722540
-142.55806301
-140.01768463
-133.77140572
-132.80942040
-123.85632246
-123.69298018
-123.49593295
-121.10040041
-120.59369836
-120.45544790
-119.83108085
-117.97766763
-117.96383235
-117.86236632
-249.49019586
-232.04803095
-200.83136270
-191.63903299
-182.04045915
-179.98060078
-174.69564208
-164.35259895
-156.85590702
-155.71418578
-144.76186109
-140.18690352
-136.68598338
-133.35835197
-133.34036859
-132.77779976
-130.91056221
-129.33101302
-128.47581260
-128.42791776
-759.96075156
-259.68097395
-202.19088122
-191.53471724
-186.94281228
-168.64855636
-159.48992636
-155.18860211
-140.99496788
-138.94062959
-138.92080054
-134.62374380
-134.60534914
-134.02240129
-133.81406474
-130.97001248
-121.95017683
-121.86530343
-121.35250763
-119.53944638
-414.18051943
-292.54565069
-229.74958400
-226.43155724
-226.19647017
-216.52624192
-207.66399190
-207.57499984
-207.58754074
-207.45143484
-207.42265958
-199.33380026
-199.28947922
-193.96241129
-188.42158561
-182.98325739
-173.18812642
-173.15996599
-173.15432013
-172.40495729
-351.16058097
-231.26011578
-206.89371064
-205.53458806
-172.41396563
-168.39213077
-164.30898258
-159.09266374
-154.85474691
-154.74901712
-150.45770457
-145.92027723
-144.83790296
-144.69271168
-138.93416515
-138.01978966
-135.36123108
-130.97979741
-131.04571757
-130.94935551
-238.63692309
-185.00941058
-169.53572167
-160.87283462
-155.52348863
-151.78379637
-151.47957566
-141.44160067
-139.62344471
-133.90013597
-133.66712317
-133.63474412
-133.60666947
-133.03829563
-131.95192802
-131.48489187
-131.36142053
-131.32395235
-131.05572481
-130.16977649
-374.22369942
-212.04448488
-207.61807592
-180.56993822
-170.30180337
-167.07990585
-161.05212667
-154.95080241
-147.55288804
-142.94028816
-140.15600515
-135.68624272
-134.96744919
-134.92725719
-128.28567226
-127.47017552
-124.42983699
-123.22667024
-121.66273630
-121.61337997
-275.06648240
-230.60078441
-219.61769378
-176.09708397
-160.32552025
-155.66007824
-145.90017862
-144.32423184
-143.75230249
-139.85019842
-139.80638774
-138.87781289
-136.88744731
-135.94018454
-134.94519475
-134.81852203
-132.96679273
-132.90162299
-132.55384229
-131.26549823
-358.48483264
-233.69706518
-229.83233295
-226.42974154
-226.18878014
-223.40703652
-216.40442192
-216.32558320
-207.51680767
-207.45335579
-207.51483300
-207.37164244
-207.35238209
-204.70447816
-199.25155420
-199.21901153
-193.89578620
-188.18863403
-188.18006557
-188.16422419
-421.18655871
-230.61201457
-219.72032853
-213.67494251
-203.53027454
-186.36420068
-177.59650745
-163.74472551
-158.67517929
-157.51401529
-156.00249072
-146.55330755
-145.57379638
-144.69498383
-141.53213923
-138.77588691
-136.87002573
-136.78612632
-132.95431471
-131.26561098
-281.03691698
-195.55255648
-184.15916260
-170.69178990
-162.56851455
-154.66915944
-152.94664374
-149.36699692
-148.35135814
-147.14760259
-141.10746666
-139.92731940
-139.88368455
-136.45251138
-136.42680840
-135.49811937
-133.72338258
-132.51803269
-130.46759240
-130.12900014
-349.29309979
-229.32453534
-195.24921696
-194.81792329
-187.86306543
-183.60362364
-183.38191250
-183.28830840
-180.29687126
-180.23994591
-179.94492986
-175.14117569
-173.82454138
-173.25961181
-173.21346467
-173.18940348
-172.44137742
-172.44068366
-172.41721802
-166.76639135
-346.29239563
-224.53468565
-194.73126093
-159.18306190
-157.83595450
-156.85766549
-154.43449715
-152.71269466
-151.24722476
-150.53894264
-147.13529103
-145.92588623
-142.49557398
-139.23695970
-138.44701682
-138.41959022
-138.40217335
-138.37322412
-138.37447866
-138.36672484
-342.72020332
-197.97523505
-194.61591204
-183.39656393
-179.45771943
-178.95482422
-172.17391993
-166.33240207
-164.20939235
-160.75491218
-160.56467076
-160.42713908
-159.86847644
-157.27077582
-154.47736874
-154.49259238
-153.69395625
-153.66823003
-153.62467974
-153.60567692
-609.64701561
-194.00964517
-185.33835019
-166.08519542
-163.21822985
-157.04776222
-156.93158757
-156.85696374
-156.78933670
-156.72924103
-150.48470515
-150.39380958
-149.71569825
-149.79193324
-149.65966820
-144.63572780
-143.44187717
-143.35836028
-137.60581697
-137.59084191
-227.05520479
-220.72812496
-190.92668156
-173.12187396
-167.68058446
-164.15095825
-156.32400385
-145.18616059
-142.45312270
-141.68907577
-135.86267713
-134.73236501
-134.42118428
-133.93452197
-133.50624980
-132.93675426
-132.77145512
-132.70178524
-132.11381487
-130.66502915
-185.36919206
-177.51500647
-162.90875256
-160.32498318
-146.79243954
-146.38940134
-141.83027761
-141.36722664
-135.62133921
-135.13333951
-133.87947068
-130.20796946
-129.35609701
-127.87665515
-127.41288366
-126.78361394
-125.60118476
-121.50040642
-121.45225830
-121.47308259
-298.37861601
-230.09427618
-212.26269442
-209.79006267
-194.60825133
-188.79452461
-183.37791260
-183.30415570
-180.30994285
-180.26511907
-179.95043886
-177.08216123
-173.82485962
-173.25183228
-173.21581839
-173.18850729
-172.45930881
-172.43987998
-171.65633212
-171.64283142
-307.11272156
-196.85005915
-183.88513185
-177.51796266
-159.55568513
-152.30221948
-151.62436464
-143.94808298
-143.33990205
-141.72460081
-139.43926409
-139.23280435
-138.15089573
-136.61590639
-134.37280176
-133.82513871
-132.14292662
-129.91209292
-129.09409057
-126.86852737
-327.25572223
-250.17074723
-227.86476637
-199.24742641
-198.82048397
-176.89095532
-169.62349894
-166.72739465
-161.58394779
-160.70611268
-158.05070313
-150.21716775
-145.73924819
-145.45435961
-145.17886964
-145.13293307
-140.50803372
-139.72417951
-135.24545302
-134.95416372
-299.84725721
-230.44112090
-224.75308342
-174.90336593
-165.29648651
-144.56881373
-142.96026130
-133.08330650
-131.29606935
-128.08702635
-127.97005990
-126.60839391
-124.72135768
-124.28767879
-123.73280654
-121.89679766
-121.59407329
-121.39200710
-119.32949303
-117.54652812
-392.19601668
-165.15331558
-162.89444251
-160.38822018
-151.79580000
-149.92427183
-146.86620552
-146.27126848
-145.27948075
-143.12504644
-137.07236905
-133.96855306
-130.32152099
-128.65873082
-128.47171162
-128.04954084
-125.38666305
-121.95099417
-121.92370291
-121.75204303
-592.08694359
-239.73296097
-215.95751732
-215.55023909
-215.23827741
-193.75670804
-185.51978992
-183.74271536
-183.70771731
-174.80883966
-166.75896394
-161.74352128
-159.33477086
-157.86178009
-152.58150239
-149.03471180
-148.96810125
-146.44461375
-145.97500999
-139.49046523
-296.22690044
-190.17105833
-177.65158457
-171.87213187
-170.50159130
-168.90262771
-162.27745477
-159.74305071
-158.30103412
-157.39740031
-156.13320259
-148.73753329
-147.81725840
-142.24539942
-136.27624179
-135.81439914
-134.00362533
-133.98791817
-132.19873343
-131.73277606
-332.76002114
-243.75659404
-233.30378009
-180.28508262
-161.31309435
-155.67917578
-150.11124484
-149.08955440
-135.43377428
-132.82934959
-132.75741205
-130.95733493
-128.93217891
-128.79365417
-125.68962610
-123.69416478
-123.05750069
-122.26097084
-122.23815328
-121.40822206
-507.75788266
-177.23999069
-167.45933841
-161.30477252
-151.53443115
-151.32942704
-147.92485585
-138.54808859
-133.59518565
-128.55621212
-127.63851266
-127.57340947
-123.60652745
-122.72634688
-122.73055560
-121.81184989
-118.17903555
-118.25056932
-116.23333249
-115.75862387
-256.66310246
-186.40106148
-160.87588642
-148.96505290
-131.15745470
-127.60925465
-127.49539527
-127.13427073
-125.78031534
-125.58285122
-123.79273016
-122.04971597
-121.17452835
-121.08566193
-119.77317734
-115.35067086
-114.45502926
-113.69216029
-113.30268681
-113.11412289
-288.33177373
-236.19896993
-222.22540160
-214.25252246
-208.95265920
-204.19821564
-199.76097336
-194.53719517
-179.08705325
-176.45013538
-176.15432768
-174.97017507
-165.75436677
-162.40945605
-161.20775821
-159.84649585
-158.12102056
-157.04743876
-157.02877659
-153.77797918
-173.24840237
-159.45357569
-151.62416891
-146.46651686
-136.46270394
-133.45958751
-132.58964521
-131.92066592
-129.77407152
-126.96700062
-126.46219038
-125.53005459
-123.54570169
-123.38381106
-122.93248548
-121.80344232
-120.51733833
-120.45655545
-117.80236902
-117.38777389
-176.16351351
-171.61346242
-164.26509909
-159.22020562
-159.01503522
-150.82495552
-145.94279752
-145.42601736
-142.77328286
-139.20984733
-138.91115404
-138.58659616
-138.26128965
-135.98665010
-135.96250530
-135.97051536
-133.15174152
-132.38776493
-130.52362692
-129.47938941
-195.75252452
-185.44358037
-181.77174152
-180.96450803
-167.60871969
-156.88083143
-150.98251076
-150.39108376
-145.30108897
-141.41710848
-140.13237270
-137.23240464
-136.69429842
-130.61045983
-126.30430092
-123.48669870
-120.07877435
-118.62235091
-117.56255927
-115.96144151
-232.38552398
-202.62110318
-180.85861773
-175.72153948
-166.78674837
-152.95892084
-146.70967360
-139.92364578
-139.84982235
-137.94012141
-137.88908850
-136.60190286
-134.64881465
-132.20755950
-132.17978048
-132.15607642
-132.14505862
-129.95384056
-129.86209944
-129.17123010
-429.44016222
-168.25917951
-157.17051258
-148.55878888
-146.61021424
-144.26533985
-142.61913566
-137.31622074
-135.27155012
-133.74659464
-132.40133173
-130.14835842
-128.45979981
-126.42026974
-125.44970147
-125.27585760
-123.13417524
-121.35339869
-121.18169823
-120.45498488
-311.85369966
-214.91282635
-209.83006996
-181.92275970
-178.32110258
-170.99218748
-165.52777988
-165.21809610
-163.70251172
-163.65675919
-161.70462409
-158.12632589
-154.48886124
-154.39993511
-152.20199715
-150.85352895
-150.08350751
-149.47604483
-147.83150408
-143.93333819
-248.80802544
-196.22963283
-193.91035648
-152.47965693
-151.58553887
-151.47822020
-149.77041740
-147.85410527
-147.62389796
-146.16764681
-143.47184014
-139.55366207
-138.76731632
-137.34184371
-136.58371758
-135.85470654
-134.62421364
-132.67178767
-131.64698187
-131.64294191
-378.50666590
-207.31690678
-174.11323885
-166.43058778
-164.62672194
-160.28926247
-156.92342643
-149.83538745
-147.74546929
-145.04445509
-142.31316351
-141.58349765
-136.77372437
-135.04179193
-134.67375177
-134.43277776
-133.99408843
-133.74246519
-131.80327867
-126.08621747
-187.35160503
-152.72380618
-151.92544229
-144.25752184
-144.01726788
-143.87493058
-143.23385270
-137.06239129
-136.99525449
-137.01553330
-135.11347046
-131.24615753
-130.81542329
-128.80456873
-128.40584484
-127.73009076
-127.03955504
-125.20933041
-125.19528872
-121.89961568
-186.48173197
-172.10025700
-156.42543401
-154.84597671
-150.42823720
-145.39868704
-144.19623441
-143.35573565
-141.21299783
-139.81992027
-136.71632542
-135.27368213
-132.78356899
-130.33527076
-130.25535019
-130.27609366
-127.04766513
-125.12214096
-120.47892686
-119.83869529
-264.58370338
-175.56230769
-167.47720788
-149.13407987
-142.24619689
-139.12306133
-138.61466702
-129.58301842
-127.96133116
-127.68262224
-126.27039642
-125.43265468
-124.06370664
-123.40074926
-120.37511051
-117.78390281
-117.59639702
-114.60291277
-114.21613498
-114.09295165
-206.50893839
-192.41397547
-175.72569350
-172.61058163
-166.53673702
-157.92482609
-153.05471926
-150.22287045
-143.06354885
-141.28764617
-136.98529598
-136.48208292
-136.00001034
-135.35020070
-134.55417357
-133.45459921
-131.27524252
-131.25931766
-129.91112725
-128.61667766
-306.09856723
-247.52597289
-211.20545909
-188.48321356
-183.16760616
-180.47490537
-173.29921961
-162.46283716
-162.07043233
-160.38511962
-157.45385022
-154.47625047
-151.22875913
-147.33416818
-144.14909085
-142.87567275
-140.86905438
-139.41989114
-138.57276054
-137.82187984
-309.27097458
-216.15854671
-207.31219038
-199.60575841
-179.15904215
-175.35343939
-167.18713687
-162.90585911
-159.72373049
-151.52159745
-148.84519524
-148.81096012
-143.62608700
-143.57420736
-139.54912465
-138.86937732
-138.74622683
-138.67733113
-138.71366621
-138.64522354
-148.03096600
-133.83448671
-133.03361506
-126.28270710
-125.26613729
-120.56059443
-120.00125154
-119.91440541
-119.59377447
-111.62538252
-109.69833076
-109.64174711
-108.68860914
-103.16020044
-102.86831338
-99.45130430
-99.38688212
-98.82251049
-98.76848835
-98.79623593
-204.10649859
-200.65256852
-194.82633680
-190.29744297
-180.53139781
-158.63001658
-155.57522753
-149.30144752
-147.77785335
-144.61831945
-143.76436433
-142.03033370
-141.91217750
-141.08091603
-139.41372203
-136.78653737
-136.74585816
-134.99041081
-134.93384842
-134.86197014
-348.13230397
-244.30283651
-193.02170033
-176.42055086
-168.54544279
-165.37483791
-162.56583980
-161.31783241
-158.47877379
-156.14678747
-152.03056064
-146.50304678
-145.09502779
-144.07936937
-142.32369549
-141.55140005
-141.20504092
-138.51404792
-137.66514578
-137.14870603
-291.58152273
-176.87679605
-141.71931163
-140.88717208
-139.95473853
-138.48928176
-137.00957768
-134.58154126
-134.42611046
-132.27345219
-132.03909496
-125.73018695
-124.67819849
-124.63153775
-120.77095185
-120.56364001
-118.69016135
-118.67536495
-118.56073846
-116.29126569
-607.46766075
-235.59427647
-181.07056810
-173.22337630
-164.26836929
-164.01944553
-154.94578162
-151.48570864
-150.54452210
-148.59979723
-147.56108459
-146.26936297
-145.19456910
-142.46436994
-140.05308874
-139.62887030
-137.73938838
-136.90871763
-135.57542342
-134.86246360
-295.78979954
-168.79947503
-153.89308804
-151.91954681
-142.21542136
-141.46836170
-140.74663379
-138.43440877
-136.95087320
-136.80528206
-135.55692140
-135.52579964
-131.94192096
-131.89345157
-131.11323822
-130.18597730
-127.74651279
-127.15562448
-126.61892313
-126.20117369
-220.89537448
-164.10558256
-156.75619358
-154.05752062
-153.19010473
-144.31201471
-137.10225585
-136.33647216
-135.17646494
-130.51924377
-127.57668326
-126.17456405
-123.27363803
-123.24679211
-122.32576875
-119.36231687
-118.20856330
-117.86641884
-117.85190826
-117.55103004
-445.25943766
-234.35786055
-180.61418633
-167.50480545
-166.93939818
-166.70395309
-161.81688901
-159.05381743
-156.35906758
-155.35984070
-154.97117515
-154.24266576
-153.38925696
-150.77649826
-147.56948944
-145.16509975
-145.11201641
-143.75285886
-141.39818927
-138.25990334
-190.81866201
-187.66025620
-167.56556162
-155.86648630
-153.98298400
-151.28415776
-147.93759875
-147.07010537
-146.25825049
-143.97572475
-141.71809318
-136.89807730
-128.88903414
-125.18003166
-124.59441420
-124.36282802
-121.62149048
-121.33130079
-121.36909086
-120.57240133
-220.89270925
-215.43844588
-163.30752166
-154.05805171
-153.18951150
-144.31200710
-137.10235069
-136.33658690
-135.17637885
-132.72578132
-126.51389883
-125.42253141
-123.27356318
-123.24630000
-122.32570522
-121.25359918
-120.14317336
-118.19339408
-117.85262978
-117.83921705
-332.13805120
-210.34271020
-177.96100896
-160.92013879
-158.76718216
-157.93074215
-156.44700773
-155.75904292
-153.27980243
-142.45009059
-140.89870001
-138.59257640
-136.73942481
-134.96671355
-134.88387821
-134.20602417
-133.59302889
-133.02097222
-129.88581659
-128.84051605
-292.82027069
-239.07519657
-220.33800123
-193.68825207
-189.08700212
-186.92585931
-185.09002754
-183.61667148
-178.59413421
-178.54322818
-178.49825434
-178.53819923
-176.71681241
-169.36572848
-169.34215411
-169.32035405
-169.33534176
-165.11543790
-161.12109300
-161.09219608
-320.67607579
-182.52123286
-169.61199905
-169.17400334
-166.35181630
-155.38976404
-155.27355010
-153.30610620
-153.06880527
-152.99783830
-143.66214100
-141.79359381
-136.78721981
-134.36626129
-132.46529743
-130.37262322
-130.29465565
-130.27679814
-130.24733029
-129.60793164
-283.14513215
-229.66990498
-175.18146229
-153.49659964
-144.78882633
-142.70800189
-137.43535099
-136.85114169
-126.99505736
-127.00295484
-124.09418556
-121.25115274
-119.98904774
-118.57159556
-118.24692376
-114.16592444
-114.16598556
-114.15032338
-113.60984870
-113.45219198
-155.21812555
-141.67870410
-138.01330103
-134.88673621
-130.87874768
-123.35288560
-118.52185260
-117.11755605
-115.85728794
-113.72898686
-110.71475820
-110.68818810
-109.37522523
-108.44334120
-106.03308734
-105.37080076
-104.95316190
-104.94635431
-103.79130093
-99.88814662
-189.00895405
-180.74181756
-164.26397613
-156.35720388
-144.56459815
-143.02877064
-137.18262575
-128.55574136
-127.67210103
-126.05650162
-119.27836781
-118.24063048
-117.68195495
-117.40071558
-116.92712925
-116.81509179
-115.60727532
-113.63100886
-113.61652130
-113.50427689
-297.59822357
-251.01028680
-226.06564218
-218.00563715
-171.79814167
-152.87019085
-152.04428833
-149.38607772
-141.38159420
-140.21817767
-136.81462882
-135.47894775
-127.84449127
-127.59859974
-124.63417750
-120.92157753
-114.79359935
-114.79452182
-112.87369605
-112.89641162
-357.76038095
-256.05949621
-195.26966022
-194.83207014
-191.92569084
-183.47989265
-183.36336214
-181.50624910
-180.54921520
-180.23234617
-180.18740405
-176.51542057
-175.37093577
-173.24493622
-173.21935899
-173.18733620
-172.43860640
-172.43544582
-172.41651075
-171.75482400
-259.94210062
-231.98962924
-193.60036399
-193.20235520
-192.96317814
-180.35932121
-171.52386372
-167.12906124
-166.51762884
-166.47220979
-164.91715112
-160.19385239
-155.53056732
-154.31831085
-154.13607105
-153.52544656
-144.55642908
-141.39835958
-138.62436426
-138.69470362
-212.87965587
-161.71826570
-156.75585979
-140.55185407
-137.37651739
-135.53918242
-131.90479780
-129.40887897
-128.40128300
-128.20293053
-127.61526364
-127.53889993
-126.75976965
-125.07299865
-124.47876291
-123.95401069
-123.16271926
-121.95264666
-121.66678683
-121.60820569
-526.80553698
-207.24351780
-180.46895096
-169.10139564
-165.86698850
-164.69485037
-160.63857668
-159.27507479
-158.78066218
-156.95184829
-154.09303242
-154.04625029
-151.72848909
-149.08278925
-148.92660330
-148.49043916
-148.12314276
-147.99222327
-146.82808193
-146.76252711
-477.00761485
-262.62268997
-203.06696692
-175.71472029
-175.44126353
-166.84475386
-166.72178619
-166.63105889
-166.61439249
-158.92104612
-158.88060232
-151.79087235
-150.73236245
-149.80746037
-147.87235035
-147.30313686
-142.52767572
-142.50269692
-142.49323500
-141.14566240
-254.49776057
-154.63391514
-153.15521295
-144.07108884
-132.38882436
-127.82432508
-126.87361919
-119.18910589
-118.11299546
-117.79535794
-117.01350889
-116.79183048
-116.20686508
-115.85229073
-114.45121098
-114.12020432
-113.85965244
-113.53048213
-113.24676173
-111.38644411
-260.58745227
-176.56140832
-168.51610466
-166.27475513
-165.59744176
-149.24458235
-147.29206794
-147.10301191
-140.32895453
-138.60995841
-138.60789587
-137.99635318
-137.72255428
-136.96302700
-136.25185657
-133.89872579
-131.03582064
-130.26377686
-127.19095022
-126.56236096
-664.03615917
-286.40430771
-275.99816056
-244.51682424
-218.39742565
-204.38999479
-197.17393129
-190.73381632
-181.42037776
-179.13131146
-179.13309834
-173.28281181
-172.65732794
-172.55737197
-172.57274728
-172.52426494
-166.05842622
-166.03555724
-166.08388775
-162.18685956
-382.22657974
-357.79862158
-277.35880160
-265.01899711
-228.89551979
-223.07500208
-196.99741952
-191.19640391
-186.98320746
-176.47230957
-174.97292047
-172.21943173
-166.87173444
-156.28220078
-151.21532400
-149.39141220
-149.37307290
-149.31659914
-147.30460831
-141.62477950
-509.84978420
-309.23006634
-185.52933455
-171.88448448
-163.44123107
-159.08709311
-134.24891414
-130.17576862
-129.95683194
-130.01670654
-127.34513876
-124.36608492
-123.92025207
-123.63573893
-120.02076982
-119.63305599
-116.47645057
-114.91554370
-112.96387669
-112.89037794
-564.16823316
-164.75877753
-158.93681958
-158.23890871
-152.92779519
-151.96975816
-150.41663070
-150.20954729
-147.33456972
-143.18875762
-142.28345832
-140.79399594
-136.89164412
-136.66884611
-135.89068448
-133.86227508
-131.04298669
-130.55656720
-126.77717704
-126.32349838
-457.14097897
-209.62219778
-147.07117672
-142.12282154
-139.02488033
-138.33207532
-134.80341471
-131.10052036
-129.96821950
-130.01659522
-129.13517048
-123.89856134
-121.36070248
-121.32648118
-119.71295098
-119.14286879
-117.59682675
-117.34233416
-116.78540645
-116.43569271
-417.41529237
-231.13892337
-205.02114243
-166.67532642
-149.49323215
-146.09499928
-145.84232803
-144.38606142
-143.58038912
-143.41583004
-138.60826831
-138.18002740
-136.90546782
-135.89215386
-133.97560499
-133.86255910
-131.32985152
-131.31193730
-129.01920370
-128.98143707
-463.62650774
-229.25104202
-221.25161875
-209.71053757
-209.47705281
-206.73912414
-189.94573725
-186.12937197
-181.54192261
-173.76581663
-169.71417096
-166.65296084
-166.60908397
-140.59119599
-139.24457956
-136.51222562
-133.33365469
-133.31762057
-133.30338150
-133.29049515
-414.14031078
-198.97790965
-189.89598614
-175.93503442
-164.86073346
-164.14122300
-159.02547616
-157.18863016
-149.78088433
-144.41662052
-143.15704590
-142.02194625
-141.22445679
-138.84126967
-138.41135971
-136.67165239
-136.55586263
-136.08689807
-132.70835517
-132.33145067
-341.02372980
-252.81925567
-239.37617156
-227.39640632
-227.13171584
-200.90635153
-196.73100603
-190.20726809
-186.95852874
-167.97950561
-163.35738713
-162.95933861
-161.18366872
-160.33997916
-158.61833761
-157.94473300
-156.83875112
-153.68078299
-153.67050184
-152.40366323
-526.88411257
-204.95429339
-202.07063946
-191.54582263
-184.37187852
-174.55300675
-167.94395593
-165.47987357
-156.90647070
-146.32845200
-142.67686470
-138.87353299
-137.66952508
-137.10864191
-136.36519940
-135.37688348
-132.76701101
-131.02981728
-129.57286997
-125.46414894
-315.71411688
-264.35781004
-170.92327393
-155.45348462
-142.93692904
-141.80151360
-139.77724098
-136.92456883
-132.57935231
-131.01727804
-130.45011456
-128.18164174
-127.60456516
-124.65220655
-122.74357262
-121.65074409
-116.33255421
-116.26454836
-116.10939716
-114.47995128
-421.97518985
-264.35880411
-170.92283799
-155.45356028
-148.20527860
-142.75590581
-127.92030938
-123.04928549
-122.94594017
-122.26864361
-120.17700760
-119.77148309
-118.03927551
-117.89911132
-117.87686015
-116.15648247
-115.37343763
-113.57887382
-113.41030960
-111.34941373
-196.52157502
-178.59661826
-160.74395967
-159.00964670
-147.92814807
-142.44564117
-130.45438677
-130.02295901
-129.34760236
-127.92166629
-124.27992238
-123.77753920
-120.71086781
-120.15238292
-119.17254764
-118.12997899
-117.59155208
-115.26469896
-114.75906145
-114.05941441
-184.50535462
-182.10773794
-181.31215096
-180.92196825
-180.49272435
-173.51773147
-166.96441388
-166.85148943
-166.79339602
-166.75250413
-155.15120354
-155.08854479
-154.82948014
-152.58571728
-151.49149163
-149.77833619
-149.72272663
-149.72018634
-148.07157480
-148.05859547
-231.97969899
-220.37284037
-219.02440419
-174.22611252
-169.73823063
-164.71304125
-159.85068837
-157.06697285
-155.69328417
-155.02312435
-152.50158913
-146.94677666
-145.62261791
-142.91906904
-142.81076896
-140.02809225
-138.48186925
-138.21953142
-136.67106789
-132.25261904
-172.81376086
-136.08487029
-124.18726134
-119.01280525
-118.82315122
-116.65582615
-114.47341131
-114.13310143
-113.98123034
-108.95965775
-107.97219183
-107.26001052
-103.90697810
-102.36274003
-102.34704035
-97.38697730
-97.42914949
-96.47985190
-95.71029135
-92.84144430
